DIP
18 17 1 2 52 25 112 4 5 24 1 3 21 53 22 53 69 1 16 25 22 54 90 6 18 1 68 27 55 1 0 63
DIP
239 34 173 50 182 248 185 254 201 149 253 221 255 181 162 148 248 150 183 163 0 199 184 82 161 108 200 187 240 79 51 186
DIP
111 0 254 119 134 187 1 35 1 79 0 123 20 106 0 125 119 188 125 126 124 120 119 21 135 136 138 121 137 125 2 118
unsat took 837.175955 seconds.

checking remaining keys
+------+------+------+------+------+------+------+
| key1 | key2 | key3 | key4 | key5 | key6 | key7 |
+------+------+------+------+------+------+------+
|  16  |  5   |  10  |  14  |  5   |  3   |  2   |
+------+------+------+------+------+------+------+
Computation took  1537.162930 seconds.
